Input params(tol = 9.00e-06, N = 8, max_iter = 100000)
count of blocks: 2, block size: 4

10.000  11.429  12.857  14.286  15.714  17.143  18.571  20.000
11.429  0.000   0.000   0.000   0.000   0.000   0.000   21.429
12.857  0.000   0.000   0.000   0.000   0.000   0.000   22.857
14.286  0.000   0.000   0.000   0.000   0.000   0.000   24.286
15.714  0.000   0.000   0.000   0.000   0.000   0.000   25.714
17.143  0.000   0.000   0.000   0.000   0.000   0.000   27.143
18.571  0.000   0.000   0.000   0.000   0.000   0.000   28.571
20.000  21.429  22.857  24.286  25.714  27.143  28.571  30.000

iter: 0
||new_T|| (gpu): 23.332119 
diff (||subT||): 57.833990 


0.442   0.821   1.023   1.206   1.389   1.485   1.484   1.104
0.824   1.402   1.837   2.112   2.399   2.711   2.592   2.007
1.038   1.854   2.314   2.683   3.106   3.414   3.433   2.592
1.241   2.182   2.737   3.161   3.601   4.040   3.961   3.068
1.481   2.529   3.275   3.714   4.217   4.623   4.515   3.439
1.606   2.967   3.677   4.298   4.781   5.084   4.883   3.738
1.692   2.855   3.800   4.305   4.744   5.005   4.638   3.487
1.303   2.332   2.879   3.352   3.691   3.725   3.393   2.492

iter: 10
||new_T|| (gpu): 3.276445 
diff (||subT||): 1.726971 


0.234   0.448   0.628   0.753   0.820   0.796   0.692   0.491
0.451   0.867   1.206   1.458   1.567   1.542   1.320   0.951
0.639   1.217   1.708   2.040   2.218   2.150   1.866   1.327
0.773   1.492   2.064   2.492   2.670   2.617   2.241   1.617
0.859   1.623   2.277   2.703   2.924   2.827   2.447   1.745
0.847   1.630   2.235   2.681   2.854   2.776   2.372   1.719
0.768   1.427   1.974   2.316   2.471   2.366   2.026   1.455
0.602   1.087   1.442   1.677   1.746   1.645   1.369   0.980

iter: 20
||new_T|| (gpu): 1.827669 
diff (||subT||): 0.732420 


0.156   0.297   0.414   0.487   0.519   0.493   0.422   0.303
0.298   0.572   0.787   0.938   0.987   0.949   0.803   0.583
0.417   0.792   1.103   1.297   1.381   1.311   1.123   0.806
0.495   0.951   1.306   1.553   1.632   1.567   1.325   0.964
0.534   1.010   1.402   1.643   1.744   1.652   1.413   1.018
0.517   0.985   1.344   1.587   1.659   1.584   1.338   0.978
0.460   0.856   1.166   1.351   1.414   1.328   1.126   0.819
0.371   0.658   0.865   0.985   1.005   0.930   0.767   0.557

iter: 30
||new_T|| (gpu): 1.140928 
diff (||subT||): 0.420570 


0.098   0.186   0.258   0.302   0.320   0.303   0.259   0.187
0.187   0.357   0.489   0.579   0.606   0.580   0.490   0.358
0.260   0.491   0.680   0.796   0.842   0.796   0.681   0.492
0.306   0.585   0.800   0.945   0.987   0.944   0.798   0.583
0.327   0.617   0.851   0.993   1.046   0.988   0.844   0.612
0.315   0.598   0.813   0.953   0.991   0.941   0.796   0.584
0.280   0.520   0.704   0.811   0.843   0.789   0.668   0.490
0.228   0.403   0.526   0.594   0.603   0.555   0.459   0.336

iter: 40
||new_T|| (gpu): 0.700962 
diff (||subT||): 0.251455 


0.060   0.114   0.158   0.184   0.195   0.184   0.158   0.114
0.114   0.219   0.299   0.353   0.369   0.353   0.298   0.218
0.159   0.300   0.414   0.484   0.511   0.483   0.413   0.299
0.187   0.356   0.486   0.573   0.598   0.571   0.483   0.354
0.199   0.375   0.516   0.601   0.632   0.597   0.510   0.370
0.192   0.363   0.493   0.576   0.598   0.568   0.480   0.353
0.170   0.316   0.426   0.490   0.508   0.476   0.403   0.296
0.139   0.245   0.319   0.360   0.365   0.335   0.277   0.203

iter: 50
||new_T|| (gpu): 0.426762 
diff (||subT||): 0.151825 


0.037   0.069   0.096   0.112   0.118   0.112   0.096   0.069
0.070   0.133   0.182   0.214   0.224   0.214   0.181   0.132
0.096   0.182   0.252   0.294   0.310   0.293   0.250   0.181
0.113   0.216   0.295   0.347   0.363   0.346   0.293   0.214
0.121   0.228   0.313   0.364   0.383   0.362   0.309   0.225
0.116   0.220   0.299   0.349   0.362   0.344   0.291   0.214
0.103   0.192   0.258   0.297   0.308   0.288   0.244   0.180
0.085   0.149   0.194   0.218   0.221   0.203   0.168   0.123

iter: 60
||new_T|| (gpu): 0.259077 
diff (||subT||): 0.091912 


0.022   0.042   0.058   0.068   0.072   0.068   0.058   0.042
0.042   0.081   0.110   0.130   0.136   0.130   0.110   0.080
0.058   0.111   0.153   0.178   0.188   0.178   0.152   0.110
0.069   0.131   0.179   0.211   0.220   0.210   0.178   0.130
0.073   0.138   0.190   0.221   0.232   0.219   0.187   0.136
0.071   0.133   0.181   0.211   0.220   0.208   0.176   0.130
0.063   0.116   0.157   0.180   0.187   0.175   0.148   0.109
0.051   0.090   0.118   0.132   0.134   0.123   0.102   0.075

iter: 70
||new_T|| (gpu): 0.157155 
diff (||subT||): 0.055687 


0.013   0.026   0.035   0.041   0.043   0.041   0.035   0.025
0.026   0.049   0.067   0.079   0.082   0.079   0.067   0.049
0.035   0.067   0.092   0.108   0.114   0.108   0.092   0.067
0.042   0.079   0.109   0.128   0.133   0.127   0.108   0.079
0.044   0.084   0.115   0.134   0.141   0.133   0.113   0.083
0.043   0.081   0.110   0.128   0.133   0.126   0.107   0.079
0.038   0.070   0.095   0.109   0.113   0.106   0.090   0.066
0.031   0.055   0.071   0.080   0.081   0.075   0.062   0.045

iter: 80
||new_T|| (gpu): 0.095309 
diff (||subT||): 0.033750 


0.008   0.016   0.021   0.025   0.026   0.025   0.021   0.015
0.016   0.030   0.041   0.048   0.050   0.048   0.040   0.030
0.021   0.041   0.056   0.066   0.069   0.065   0.056   0.041
0.025   0.048   0.066   0.077   0.081   0.077   0.065   0.048
0.027   0.051   0.070   0.081   0.085   0.081   0.069   0.050
0.026   0.049   0.067   0.078   0.081   0.077   0.065   0.048
0.023   0.043   0.058   0.066   0.069   0.064   0.054   0.040
0.019   0.033   0.043   0.049   0.049   0.045   0.037   0.027

iter: 90
||new_T|| (gpu): 0.057799 
diff (||subT||): 0.020459 


0.005   0.009   0.013   0.015   0.016   0.015   0.013   0.009
0.009   0.018   0.025   0.029   0.030   0.029   0.025   0.018
0.013   0.025   0.034   0.040   0.042   0.040   0.034   0.025
0.015   0.029   0.040   0.047   0.049   0.047   0.040   0.029
0.016   0.031   0.042   0.049   0.052   0.049   0.042   0.030
0.016   0.030   0.040   0.047   0.049   0.046   0.039   0.029
0.014   0.026   0.035   0.040   0.042   0.039   0.033   0.024
0.011   0.020   0.026   0.030   0.030   0.027   0.023   0.017

iter: 100
||new_T|| (gpu): 0.035051 
diff (||subT||): 0.012403 


0.003   0.006   0.008   0.009   0.010   0.009   0.008   0.006
0.006   0.011   0.015   0.018   0.018   0.018   0.015   0.011
0.008   0.015   0.021   0.024   0.025   0.024   0.021   0.015
0.009   0.018   0.024   0.028   0.030   0.028   0.024   0.018
0.010   0.019   0.026   0.030   0.031   0.030   0.025   0.018
0.010   0.018   0.025   0.029   0.030   0.028   0.024   0.018
0.008   0.016   0.021   0.024   0.025   0.024   0.020   0.015
0.007   0.012   0.016   0.018   0.018   0.017   0.014   0.010

iter: 110
||new_T|| (gpu): 0.021256 
diff (||subT||): 0.007520 


0.002   0.003   0.005   0.006   0.006   0.006   0.005   0.003
0.003   0.007   0.009   0.011   0.011   0.011   0.009   0.007
0.005   0.009   0.012   0.015   0.015   0.015   0.012   0.009
0.006   0.011   0.015   0.017   0.018   0.017   0.015   0.011
0.006   0.011   0.016   0.018   0.019   0.018   0.015   0.011
0.006   0.011   0.015   0.017   0.018   0.017   0.014   0.011
0.005   0.010   0.013   0.015   0.015   0.014   0.012   0.009
0.004   0.007   0.010   0.011   0.011   0.010   0.008   0.006

iter: 120
||new_T|| (gpu): 0.012890 
diff (||subT||): 0.004559 


0.001   0.002   0.003   0.003   0.004   0.003   0.003   0.002
0.002   0.004   0.005   0.006   0.007   0.006   0.005   0.004
0.003   0.006   0.008   0.009   0.009   0.009   0.008   0.005
0.003   0.007   0.009   0.010   0.011   0.010   0.009   0.006
0.004   0.007   0.009   0.011   0.012   0.011   0.009   0.007
0.004   0.007   0.009   0.011   0.011   0.010   0.009   0.006
0.003   0.006   0.008   0.009   0.009   0.009   0.007   0.005
0.003   0.004   0.006   0.007   0.007   0.006   0.005   0.004

iter: 130
||new_T|| (gpu): 0.007817 
diff (||subT||): 0.002765 


0.001   0.001   0.002   0.002   0.002   0.002   0.002   0.001
0.001   0.002   0.003   0.004   0.004   0.004   0.003   0.002
0.002   0.003   0.005   0.005   0.006   0.005   0.005   0.003
0.002   0.004   0.005   0.006   0.007   0.006   0.005   0.004
0.002   0.004   0.006   0.007   0.007   0.007   0.006   0.004
0.002   0.004   0.005   0.006   0.007   0.006   0.005   0.004
0.002   0.004   0.005   0.005   0.006   0.005   0.004   0.003
0.002   0.003   0.004   0.004   0.004   0.004   0.003   0.002

iter: 140
||new_T|| (gpu): 0.004740 
diff (||subT||): 0.001676 


0.000   0.001   0.001   0.001   0.001   0.001   0.001   0.001
0.001   0.001   0.002   0.002   0.002   0.002   0.002   0.001
0.001   0.002   0.003   0.003   0.003   0.003   0.003   0.002
0.001   0.002   0.003   0.004   0.004   0.004   0.003   0.002
0.001   0.003   0.003   0.004   0.004   0.004   0.003   0.002
0.001   0.002   0.003   0.004   0.004   0.004   0.003   0.002
0.001   0.002   0.003   0.003   0.003   0.003   0.003   0.002
0.001   0.002   0.002   0.002   0.002   0.002   0.002   0.001

iter: 150
||new_T|| (gpu): 0.002875 
diff (||subT||): 0.001017 


0.000   0.000   0.001   0.001   0.001   0.001   0.001   0.000
0.000   0.001   0.001   0.001   0.002   0.001   0.001   0.001
0.001   0.001   0.002   0.002   0.002   0.002   0.002   0.001
0.001   0.001   0.002   0.002   0.002   0.002   0.002   0.001
0.001   0.002   0.002   0.002   0.003   0.002   0.002   0.002
0.001   0.001   0.002   0.002   0.002   0.002   0.002   0.001
0.001   0.001   0.002   0.002   0.002   0.002   0.002   0.001
0.001   0.001   0.001   0.001   0.001   0.001   0.001   0.001

iter: 160
||new_T|| (gpu): 0.001743 
diff (||subT||): 0.000616 


0.000   0.000   0.000   0.000   0.000   0.000   0.000   0.000
0.000   0.001   0.001   0.001   0.001   0.001   0.001   0.001
0.000   0.001   0.001   0.001   0.001   0.001   0.001   0.001
0.000   0.001   0.001   0.001   0.001   0.001   0.001   0.001
0.000   0.001   0.001   0.001   0.002   0.001   0.001   0.001
0.000   0.001   0.001   0.001   0.001   0.001   0.001   0.001
0.000   0.001   0.001   0.001   0.001   0.001   0.001   0.001
0.000   0.001   0.001   0.001   0.001   0.001   0.001   0.001

iter: 170
||new_T|| (gpu): 0.001057 
diff (||subT||): 0.000374 


0.000   0.000   0.000   0.000   0.000   0.000   0.000   0.000
0.000   0.000   0.000   0.001   0.001   0.001   0.000   0.000
0.000   0.000   0.001   0.001   0.001   0.001   0.001   0.000
0.000   0.001   0.001   0.001   0.001   0.001   0.001   0.001
0.000   0.001   0.001   0.001   0.001   0.001   0.001   0.001
0.000   0.001   0.001   0.001   0.001   0.001   0.001   0.001
0.000   0.000   0.001   0.001   0.001   0.001   0.001   0.000
0.000   0.000   0.000   0.001   0.001   0.001   0.000   0.000

iter: 180
||new_T|| (gpu): 0.000641 
diff (||subT||): 0.000227 


0.000   0.000   0.000   0.000   0.000   0.000   0.000   0.000
0.000   0.000   0.000   0.000   0.000   0.000   0.000   0.000
0.000   0.000   0.000   0.000   0.000   0.000   0.000   0.000
0.000   0.000   0.000   0.001   0.001   0.001   0.000   0.000
0.000   0.000   0.000   0.001   0.001   0.001   0.000   0.000
0.000   0.000   0.000   0.001   0.001   0.001   0.000   0.000
0.000   0.000   0.000   0.000   0.000   0.000   0.000   0.000
0.000   0.000   0.000   0.000   0.000   0.000   0.000   0.000

iter: 190
||new_T|| (gpu): 0.000389 
diff (||subT||): 0.000137 


0.000   0.000   0.000   0.000   0.000   0.000   0.000   0.000
0.000   0.000   0.000   0.000   0.000   0.000   0.000   0.000
0.000   0.000   0.000   0.000   0.000   0.000   0.000   0.000
0.000   0.000   0.000   0.000   0.000   0.000   0.000   0.000
0.000   0.000   0.000   0.000   0.000   0.000   0.000   0.000
0.000   0.000   0.000   0.000   0.000   0.000   0.000   0.000
0.000   0.000   0.000   0.000   0.000   0.000   0.000   0.000
0.000   0.000   0.000   0.000   0.000   0.000   0.000   0.000

iter: 200
||new_T|| (gpu): 0.000236 
diff (||subT||): 0.000083 


0.000   0.000   0.000   0.000   0.000   0.000   0.000   0.000
0.000   0.000   0.000   0.000   0.000   0.000   0.000   0.000
0.000   0.000   0.000   0.000   0.000   0.000   0.000   0.000
0.000   0.000   0.000   0.000   0.000   0.000   0.000   0.000
0.000   0.000   0.000   0.000   0.000   0.000   0.000   0.000
0.000   0.000   0.000   0.000   0.000   0.000   0.000   0.000
0.000   0.000   0.000   0.000   0.000   0.000   0.000   0.000
0.000   0.000   0.000   0.000   0.000   0.000   0.000   0.000

iter: 210
||new_T|| (gpu): 0.000143 
diff (||subT||): 0.000051 


0.000   0.000   0.000   0.000   0.000   0.000   0.000   0.000
0.000   0.000   0.000   0.000   0.000   0.000   0.000   0.000
0.000   0.000   0.000   0.000   0.000   0.000   0.000   0.000
0.000   0.000   0.000   0.000   0.000   0.000   0.000   0.000
0.000   0.000   0.000   0.000   0.000   0.000   0.000   0.000
0.000   0.000   0.000   0.000   0.000   0.000   0.000   0.000
0.000   0.000   0.000   0.000   0.000   0.000   0.000   0.000
0.000   0.000   0.000   0.000   0.000   0.000   0.000   0.000

iter: 220
||new_T|| (gpu): 0.000087 
diff (||subT||): 0.000031 


0.000   0.000   0.000   0.000   0.000   0.000   0.000   0.000
0.000   0.000   0.000   0.000   0.000   0.000   0.000   0.000
0.000   0.000   0.000   0.000   0.000   0.000   0.000   0.000
0.000   0.000   0.000   0.000   0.000   0.000   0.000   0.000
0.000   0.000   0.000   0.000   0.000   0.000   0.000   0.000
0.000   0.000   0.000   0.000   0.000   0.000   0.000   0.000
0.000   0.000   0.000   0.000   0.000   0.000   0.000   0.000
0.000   0.000   0.000   0.000   0.000   0.000   0.000   0.000

iter: 230
||new_T|| (gpu): 0.000053 
diff (||subT||): 0.000019 


0.000   0.000   0.000   0.000   0.000   0.000   0.000   0.000
0.000   0.000   0.000   0.000   0.000   0.000   0.000   0.000
0.000   0.000   0.000   0.000   0.000   0.000   0.000   0.000
0.000   0.000   0.000   0.000   0.000   0.000   0.000   0.000
0.000   0.000   0.000   0.000   0.000   0.000   0.000   0.000
0.000   0.000   0.000   0.000   0.000   0.000   0.000   0.000
0.000   0.000   0.000   0.000   0.000   0.000   0.000   0.000
0.000   0.000   0.000   0.000   0.000   0.000   0.000   0.000

iter: 240
||new_T|| (gpu): 0.000032 
diff (||subT||): 0.000011 